66
8.000000
8.000000
90.000000
126.000000
165.000000
180.000000
195.000000
210.000000
174.000000
135.000000
168.000000
232.000000
300.000000
320.000000
340.000000
360.000000
296.000000
228.000000
270.000000
370.000000
475.000000
500.000000
525.000000
550.000000
450.000000
345.000000
390.000000
530.000000
675.000000
700.000000
725.000000
750.000000
610.000000
465.000000
510.000000
690.000000
875.000000
900.000000
925.000000
950.000000
770.000000
585.000000
630.000000
850.000000
1075.000000
1100.000000
1125.000000
1150.000000
930.000000
705.000000
552.000000
744.000000
940.000000
960.000000
980.000000
1000.000000
808.000000
612.000000
450.000000
606.000000
765.000000
780.000000
795.000000
810.000000
654.000000
495.000000
